sd:
  label: 1
  num_pixels: 220000.0
  pose: [[0.0, 0.0, -0.4], [0.0, -0.0, -0.464798788032, -0.885416335203]]
